0.597525236079453 -1.8173233474438288 0.19505047215890603 -0.4925105828720284 -0.4925105828720284 0.26212959947899717 -0.3080429827417777 -0.12357538261152701 1.0 0.27889938130902 1 0 0 0 0
-0.5519744661444203 -0.5665344789984943 0.5960322862977729 0.09559467081590976 0.5839735485753185 0.4814742779344549 0.2764757366527278 0.7166196635223183 1.0 0.7769133521345911 1 0 0 0 0
-0.3445741382228939 -0.3446504464125951 1.0 0.20337674486753943 0.8689764383005821 0.2610271120152833 0.5702427176259094 0.9213858629803493 0.8427717259606986 0.816567013620815 1 0 0 0 0
-0.2702178887178979 -0.27021820615608355 0.762882900862862 0.20960966954287338 0.5840050892330912 0.3094484481269315 0.35520788831129146 0.6796839187094802 1.0 0.6796839187094802 1 0 0 0 0
-0.18728672573086638 -0.18728672686175094 0.7149972215933647 0.20555475519150423 0.6081211796908764 0.4834324641379736 0.45493218629731 0.6081211796908764 0.996437465269917 0.6294963880713741 1 0 0 0 0
-0.14649216955332528 -0.146492169557288 0.7687303686284438 0.2851665939424624 0.7266813447427063 0.5409648225806989 0.44635451883778954 0.709160918123649 1.0 0.7301854300665177 1 0 0 0 0
-0.12473982609373743 -0.12473982609375066 0.7297794044145773 0.2794117451055396 0.6563861562308823 0.5896650215184323 0.5062636031278698 0.6630582697021273 1.0 0.7698120852420474 1 0 0 0 0
-0.10654998786427076 -0.1065499878642708 0.8374408247970873 0.3709666698669897 0.7596951323087376 0.5723986913140773 0.5193902646174753 0.8480425101364076 0.9964661048868932 0.8621780905888348 1 0 0 0 0
-0.08713473296860505 -0.08713473296860505 0.7936064341897379 0.3195462127192917 0.7549076406003137 0.53561447692691 0.5130401806664125 0.7129839475451042 1.0 0.7452329422029577 1 0 0 0 0
-0.08217632200549986 -0.08217632200549986 0.7921981660700103 0.241358384065117 0.716334004476522 0.4986368451212947 0.45905554342034427 0.6206791920325585 1.0 0.6767527027755715 1 0 0 0 0
-0.08921534693866397 -0.08921534693866397 0.7621438745937981 0.30649177893613405 0.6446486801160357 0.24057984057056 0.48989891177947054 0.5357506949903046 1.0 0.5586765865957217 1 0 0 0 0
-0.06561453117036885 -0.06561453117036885 0.8501379252695812 0.28652620943561485 0.6611813962616618 0.4559355113047839 0.42335679940686677 0.6514077826922866 1.0 0.7524017895758297 1 0 0 0 0
-0.054934903734000104 -0.054934903734000104 0.8304899926131767 0.3094036736092383 0.7614303599741005 0.4129931225678526 0.5699468331112075 0.6578409110154863 1.0 0.6641190594372205 1 0 0 0 0
-0.054127861375118075 -0.054127861375118075 0.7208400140870025 0.2422800382361498 0.6496257319663399 0.47016574102227016 0.5271371667188002 0.5214400241491473 1.0 0.5841085924153303 1 0 0 0 0
-0.054260870265855556 -0.054260870265855556 0.7739112832541717 0.23071111964406457 0.6858247702363164 0.5536950007095336 0.4832257902952494 0.6388452966267937 1.0 0.6799523360351261 1 0 0 0 0
-0.04892497911368194 -0.04892497911368194 0.7694005694291771 0.32399618983347817 0.6777925764626859 0.6556803022983604 0.456669834819431 0.7220171247913368 1.0 0.7378116063372836 1 0 0 0 0
-0.04454628858245615 -0.04454628858245615 0.7086851674936053 0.3120011402508552 0.6405051003112576 0.6652978520139294 0.5382349995377361 0.6436041942740915 1.0 0.6838924157909334 1 0 0 0 0
-0.04141478518406066 -0.04141478518406066 0.7828020551221347 0.249389455201495 0.712532131779296 0.5400514108468736 0.5208868862988266 0.5719922850936184 0.993611825150651 0.6550385581351552 1 0 0 0 0
-0.03949819296554483 -0.03949819296554483 0.8741272534220276 0.31309444010306503 0.7698326919717076 0.5612435690710676 0.5144908346278209 0.7086945007766925 1.0 0.7806217845355338 1 0 0 0 0
-0.03753352284689043 -0.03753352284689043 0.8056815613615677 0.24779959236735868 0.7586690358845275 0.47345971465715103 0.5486797554204151 0.6082289543579993 1.0 0.6709123216607193 1 0 0 0 0
-0.04629444016200098 -0.04629444016200098 0.6489386998360077 1.0 0.6243644088245283 0.7437252508802856 0.820958736916364 0.6559599258392875 0.6840448298524069 0.9262771269655616 0 1 0 0 0
-0.044983819950513204 -0.044983819950513204 0.8065146370346122 0.9648208430972022 0.7185667447776177 0.8346579625568504 0.968338758787482 0.6622800937331412 0.7924429742734931 0.9014983606721662 0 1 0 0 0
-0.03512600921628197 -0.03512600921628197 0.5874111173530044 1.0 0.5664320216251911 0.81118813844968 0.8356637501321289 0.6643344683549867 0.5769215694890978 0.8951045213609333 0 1 0 0 0
-0.03281363420177431 -0.03281363420177431 0.5439183329356223 1.0 0.43967109474947885 0.7230932735680564 0.6709696544749847 0.6807428330549357 0.49505244003586757 0.8859795832339056 0 1 0 0 0
-0.029688814000656965 -0.029688814000656965 0.5676357773273517 1.0 0.45565655418911183 0.8475838351729513 0.6889466023937781 0.6391780587767827 0.5334199035906673 0.8631365050532624 0 1 0 0 0
-0.026975584694371033 -0.026975584694371033 0.5021172363565594 1.0 0.36831124362738465 0.7323880145416506 0.5643525818119894 0.7354997818144221 0.4398818909011292 0.950211723635656 0 1 0 0 0
-0.021613789855261946 -0.021613789855261946 0.3846905193649829 1.0 0.292095403347092 0.7461101657573957 0.504168088420326 0.6565019889658884 0.3846905193649829 0.8685746740391226 0 1 0 0 0
-0.02407899404968744 -0.02407899404968744 0.42150246285569487 1.0 0.4348012568130352 0.7772452012145492 0.6575560555984861 0.6741795480451616 0.4879964326423966 0.727374723874523 0 1 0 0 0
-0.01562550334045677 -0.01562550334045677 0.5396200567720383 1.0 0.5396200567720383 1.0 0.5396200567720383 0.4989982970754534 0.5396200567720383 0.6479447492962646 0 1 0 0 0
-0.015538015111456863 -0.015538015111456863 0.6054966139638093 1.0 0.6054966139638093 1.0 0.6675943691732096 0.6128022322237386 0.6529831326533507 0.7735258339421868 0 1 0 0 0
-0.018766962379133487 -0.018766962379133487 0.5508534761570425 1.0 0.5020332018262862 0.8991047663831038 0.5866550106662637 0.5996737504877987 0.570381585889345 0.8405204371861963 0 1 0 0 0
-0.022459173650466364 -0.022459173650466364 0.5360513187004825 1.0 0.44727101548884646 0.753706255606429 0.664925952394793 0.5331874379517201 0.5188680342079078 0.8281671550742528 0 1 0 0 0
-0.02311619630645428 -0.02311619630645428 0.6580479561943686 1.0 0.4646488494518394 0.8570528341468262 0.6972883546638673 0.6328219857496908 0.5515383032057294 0.868264376566683 0 1 0 0 0
-0.01606326557566934 -0.01606326557566934 0.3848335304565704 1.0 0.35143082622796784 0.8079344506855356 0.45998961497092605 0.7049427793140112 0.38761708914228726 0.9220603567999275 0 1 0 0 0
-0.01757926904657947 -0.01757926904657947 0.4368185503758039 1.0 0.38512556707696466 0.8503624167665179 0.5429252003050004 0.7143282501906252 0.4803494836800896 0.9047760833968751 0 1 0 0 0
-0.021469358173686174 -0.021469358173686174 0.5087809836550189 1.0 0.4308097112193076 0.7894775644235795 0.6855158678426312 0.6361340619666807 0.51657811089859 0.8674488368592909 0 1 0 0 0
-0.019865871876018095 -0.019865871876018095 0.5491374033036962 1.0 0.42031951853332367 0.7477316423246871 0.5598722270345605 0.6403834050160434 0.4686262253222134 0.8792332330277758 0 1 0 0 0
-0.021622004558716844 -0.021622004558716844 0.49703302295329466 0.942666976709702 0.4214576740706291 0.6638199997977979 0.7341832556540728 0.721153023088096 0.5752144183491555 0.9921818604604139 0 1 0 0 0
-0.017875991513977927 -0.017875991513977927 0.5043851257166405 0.8452714538822682 0.48020879038574493 0.7002134418968947 0.5624083305107899 0.7195545101616112 0.4753735233195658 0.9685707640698358 0 1 0 0 0
-0.015767772176209064 -0.015767772176209064 0.5787827340483744 0.7387386578274727 0.5681190057964346 0.6614266280009087 0.6241035791191191 0.7813935708352323 0.5654530737334497 0.9706747473071653 0 1 0 0 0
-0.027138181521996315 -0.027138181521996315 0.5086712717225332 0.6815004726241547 0.6839694612084636 0.6395276666909038 0.5852099178361084 0.7728530502435832 1.0 0.6197757580164327 0 0 1 0 0
-0.013695185240190061 -0.013695185240190061 0.5834439090103639 0.5806668684037664 0.6028831932565469 0.6750862490280839 0.6639780866016936 0.6861944114544741 1.0 0.5834439090103639 0 0 1 0 0
-0.013818414204225728 -0.013818414204225728 0.5667867036288404 0.5962569958989874 0.5933099666719727 0.7612906326118101 0.6728797558013693 0.7465554864767365 1.0 0.6493035219852518 0 0 1 0 0
-0.012990412038842814 -0.012990412038842814 0.6406669040276809 0.6530577004405196 0.6623507977501485 0.7181093816079221 0.6530577004405196 0.7707702663624861 1.0 0.6716438950597774 0 0 1 0 0
-0.012021287017410934 -0.012021287017410934 0.648764304837266 0.5722575197523141 0.6661522105383915 0.6626746293981663 0.7461365767635685 0.8643743355312216 1.0 0.5479144517707384 0 0 1 0 0
-0.01397285012139481 -0.01397285012139481 0.570567858557488 0.4393524820056094 0.6242468762378021 0.704765402758273 0.6481042174290527 0.6302112115356147 1.0 0.47513849379248535 0 0 1 0 0
-0.013797031177688842 -0.013797031177688842 0.5375851590337639 0.4427308326817155 0.665045660069329 0.6620814623708274 0.6591172646723259 0.6324394853858123 1.0 0.49608639125474274 0 0 1 0 0
-0.013571598841926364 -0.013571598841926364 0.5295355071658554 0.42208374028398293 0.5934257469334553 0.6834529029696187 0.7008775138153278 0.5411519143963281 1.0 0.4337001475144556 0 0 1 0 0
-0.01257356160632136 -0.01257356160632136 0.5181138289403374 0.37756369571460247 0.5611393799278073 0.6758741825610602 0.7131629934168675 0.5181138289403374 1.0 0.41485250657040973 0 0 1 0 0
-0.013232600534706753 -0.013232600534706753 0.5557766540286496 0.37321911458836876 0.640970172434114 0.7048653112382124 0.6622685520354802 0.5101372691685794 1.0 0.47971101259519927 0 0 1 0 0
-0.012436733230239017 -0.012436733230239017 0.49791523497560003 0.3525027074002273 0.5335824587205028 0.6707640885085902 0.6186350691891169 0.4183498896985093 1.0 0.41560625710274757 0 0 1 0 0
-0.011655164745653675 -0.011655164745653675 0.5426519701761874 0.3518378915079742 0.6668325610555007 0.5487095599751782 0.6850053304524734 0.506306431382242 1.0 0.39121222520141496 0 0 1 0 0
-0.013213648654816407 -0.013213648654816407 0.5616328031375967 0.3380945636779606 0.46002451247412574 0.6748534698768929 0.6255008715546356 0.46002451247412574 1.0 0.37002859788648 0 0 1 0 0
-0.012431194840929659 -0.012431194840929659 0.5092272182879342 0.422290325527511 0.6129906064213424 0.6522524289583076 0.7167539945547505 0.4839874752284564 1.0 0.3914417506770383 0 0 1 0 0
-0.01160823213352095 -0.01160823213352095 0.5436298298320177 0.36631403123171885 0.5843252590189715 0.6337411373174154 0.7064115465798331 0.49712076790407045 1.0 0.39247537856618914 0 0 1 0 0
-0.01131286086049444 -0.01131286086049444 0.5358575862703554 0.44671765250770845 0.5327837954509538 0.7387277803508623 0.6649568006852234 0.6127023567553959 1.0 0.44364386168830683 0 0 1 0 0
-0.010444170002679037 -0.010444170002679037 0.47597574052449876 0.43544347736064787 0.6033628533251731 0.6409999548344633 0.6294193082162202 0.5309838119611536 1.0 0.4238628307424047 0 0 1 0 0
-0.011577231424967362 -0.011577231424967362 0.570944716800978 0.3834106195086903 0.6505046368643729 0.6107246768326754 0.6533460625809226 0.4743362424382844 1.0 0.3947763223748896 0 0 1 0 0
-0.012113109657966492 -0.012113109657966492 0.4732455112266159 0.23946121564741735 0.5768208320528431 0.6064137808603366 0.7307041658518093 0.38446666480413544 1.0 0.44365256241912243 0 0 1 0 0
-0.010729134132349463 -0.010729134132349463 0.4888109642071831 0.2580456280492829 0.6144174130019896 0.5559958089113819 0.6932865785243099 0.3544412747987855 1.0 0.3193883123444209 0 0 1 0 0
-0.010932650253513018 -0.010932650253513018 0.9847986184084513 0.5173561344683281 0.9809982730105641 0.39954542713382557 0.7871806577183178 0.8593872202781743 0.8517865294823999 0.684571331975364 0 0 0 1 0
-0.01155681291876106 -0.01155681291876106 0.9118997716779902 0.513817258519279 0.9902110857419989 0.42245405877793546 0.7911698291626432 0.6051804582606225 0.7389622864533041 0.6410731438732932 0 0 0 1 0
-0.010234932826040596 -0.010234932826040596 0.9451835055984732 0.5967072197601958 0.9725917527992366 0.5262288698153758 0.8472969084528897 0.7572412390789528 0.8003113418230096 0.7650721668505995 0 0 0 1 0
-0.009227168293248924 -0.009227168293248924 0.946073937303526 0.4260726184446686 0.9306664908188191 0.33747980115760395 0.8266662270470476 0.8613329816376382 0.8420736735317546 0.7881476108352804 0 0 0 1 0
-0.009258446059747426 -0.009258446059747426 1.0 0.38189258971807155 1.0 0.38189258971807155 0.8812675031096862 0.6612631706364573 0.846346180494888 0.6787238319438564 0 0 0 1 0
-0.010145155936277522 -0.010145155936277522 0.996216815994265 0.5422347353060736 0.9924336319885302 0.406040111099616 0.8032744317017837 0.7805753276673741 0.7805753276673741 0.7578762236329646 0 0 0 1 0
-0.010857307105822243 -0.010857307105822243 0.944256271772897 0.4945901974075999 0.881080046448847 0.33107526127476467 0.8030388269309029 0.9182425319335823 0.8550663066095323 0.754727595800747 0 0 0 1 0
-0.010322464902244331 -0.010322464902244331 1.0 0.35992223806136225 0.8685245678180095 0.2319066856736347 0.6851509387220754 0.771647933578648 0.7232096164589674 0.6713114195450238 0 0 0 1 0
-0.009271963797281901 -0.009271963797281901 1.0 0.3921229669380798 0.910377104099845 0.23625706102476698 0.7389246075952008 0.781787731721362 0.7038547787647055 0.7895810270170276 0 0 0 1 0
-0.007948723036702146 -0.007948723036702146 0.9377833169764693 0.3985720641058703 0.8672710762164679 0.34465093881881037 0.7926110565882312 0.8838621916894094 0.7760199411152896 0.7760199411152896 0 0 0 1 0
-0.007736838479437922 -0.007736838479437922 0.929284090725904 0.34587783921461157 0.8674076701110699 0.3900752825109216 0.8011115051666049 0.933703835055535 0.8232102268147599 0.8541484371221769 0 0 0 1 0
-0.007800076065242624 -0.007800076065242624 0.9498045492921317 0.34359795228172235 0.8841643445203039 0.41696053408552985 0.7567451234926382 0.942082172260152 0.8185241397484762 0.7799122545885775 0 0 0 1 0
-0.008858354693008011 -0.008858354693008011 1.0 0.2277223071824127 0.9791276299238489 0.1651051969539597 0.8225848543527163 0.6521271653974832 0.7843188425464395 0.5547227717087785 0 0 0 1 0
-0.008797216999273626 -0.008797216999273626 1.0 0.16051271488119304 0.9481797972148884 0.14323931395282252 0.8169019501592726 0.6683507021752861 0.7823551483025315 0.6372585805042192 0 0 0 1 0
-0.009658995822429508 -0.009658995822429508 0.9819063232791695 0.39205246218009393 1.0 0.24368431306928354 0.8045882914150301 0.6924074957458808 0.8118257621033623 0.6706950836808842 0 0 0 1 0
-0.00872808849221372 -0.00872808849221372 1.0 0.12807715028355385 0.9042594517958412 0.20672117202268428 0.7845837665406427 0.7435521030245746 0.7811644612476369 0.6991011342155009 0 0 0 1 0
-0.008621606088543992 -0.008621606088543992 0.9178186738960691 0.5031765285535089 0.9103476442502572 0.37616902457470686 0.8057532292088907 0.8841990404899155 0.8319018329692323 0.8169597736776085 0 0 0 1 0
-0.009586493501239754 -0.009586493501239754 0.9894837888407169 0.42511378995918536 0.9824729814011947 0.2884030448885038 0.8072027954131413 0.7476109321772032 0.8457622363305131 0.7195677024191147 0 0 0 1 0
-0.008966609124062348 -0.008966609124062348 0.9967765632342861 0.27150329094865466 0.9806593794057165 0.18124706150866496 0.7840297366971676 0.5777297836914769 0.7453484955086006 0.6389750822400413 0 0 0 1 0
-0.008539474002193827 -0.008539474002193827 0.9602380728158959 0.6204543314244606 0.9819263967344981 0.5770776835872561 0.8481817325697842 0.7578137162422749 0.8445670119166838 0.8048050847325797 0 0 0 1 0
-0.006135752215411222 -0.006135752215411222 0.7399180401182435 0.5311680460026231 0.5688114875644563 0.5448565702069261 0.5140573907472444 0.852848364803743 0.7980942679865312 1.0 0 0 0 0 1
-0.008642769440768227 -0.008642769440768227 0.9575660335326012 0.4777357973243226 0.8204716803302359 0.5397546713920592 0.9249245208653714 0.6833773271278706 1.0 0.8335282853971279 0 0 0 0 1
-0.010366638794257052 -0.010366638794257052 1.0 0.49641397119013714 0.885980521778899 0.4584074784497701 0.8479740290385319 0.695948058077064 0.961993507259633 0.8954821449639907 0 0 0 0 1
-0.006703770518018096 -0.006703770518018096 0.8013596547563413 0.5219164572101773 0.7171900169412316 0.5286500282353861 0.56231788336143 0.764325014117693 0.9865328579495825 0.8350275098823852 0 0 0 0 1
-0.006910796042328062 -0.006910796042328062 0.9647941540261854 0.626818032677565 0.9647941540261854 0.626818032677565 0.9401500618445151 0.764120831975442 1.0 0.9612735694288039 0 0 0 0 1
-0.006854851044917615 -0.006854851044917615 0.8389069347705386 0.5838429148238914 0.7247993468996701 0.5905551258751189 0.7684287187326492 0.8355508292449247 0.7550042966301941 1.0 0 0 0 0 1
-0.006996446740283306 -0.006996446740283306 0.8203044448115463 0.6100945500627891 0.7084185330904336 0.5727992461557515 0.6507803361431937 0.8304758913316475 0.8169139626381793 0.9932190356532659 0 0 0 0 1
-0.00827175631264001 -0.00827175631264001 0.862063685012868 0.586191055038604 0.6781485983633587 0.5730542631350677 0.7471167558569247 0.7996639234710702 0.8719162789405203 0.9737264161929272 0 0 0 0 1
-0.008090496348287034 -0.008090496348287034 0.9395162379089057 0.6202963824281305 0.8353497587520212 0.596774919392705 0.7580649516356229 0.8185487137267172 0.8622314307925075 0.9966397909949392 0 0 0 0 1
-0.009559351239836327 -0.009559351239836327 0.8531018543982608 0.5217996536794449 0.621815412387012 0.5468035933563367 0.5249251461390564 0.7218311710945791 0.8968587488328215 0.9687450754038853 0 0 0 0 1
-0.00614033631286861 -0.00614033631286861 0.8976242417289774 0.5940271654769794 0.8976242417289774 0.5940271654769794 0.7493559021640481 0.791718284896885 0.8587920575572101 0.9858792057557211 0 0 0 0 1
-0.006154121362630816 -0.006154121362630816 0.8715575897536916 0.5968335456157543 0.8715575897536916 0.5968335456157543 0.793065005714281 0.7680900926108322 0.8037685399014733 0.9857286210837435 0 0 0 0 1
-0.007487332870403357 -0.007487332870403357 0.9724521804786398 0.6497491517998488 0.9252273470134509 0.6143305267009571 0.8740671107594962 0.8661963051819647 0.9212919442246851 0.984258388844937 0 0 0 0 1
-0.005974646411613443 -0.005974646411613443 1.0 0.5007802606403711 1.0 0.5007802606403711 0.8385981293799696 0.73725276875809 0.9249293625023114 0.9399434900018491 0 0 0 0 1
-0.004716935497974445 -0.004716935497974445 0.7497463134191511 0.6430204764949656 0.7497463134191511 0.6430204764949656 0.7313453070529122 0.8123097350643633 0.8785533579828233 0.9963197987267522 0 0 0 0 1
-0.006353315459954446 -0.006353315459954446 0.8070917284609477 0.5466655618832269 0.688131627678532 0.5402352861652585 0.6591953869476742 0.7717252120121214 0.8103068663199319 0.9871394485640632 0 0 0 0 1
-0.004263381781499944 -0.004263381781499944 0.7840709174516858 0.7052396650927774 0.7840709174516858 0.7052396650927774 0.7360866768853938 0.8389100495274482 0.8389100495274482 1.0 0 0 0 0 1
-0.006892444991526378 -0.006892444991526378 0.7543356830459619 0.6505338589808752 0.4567704540593804 0.7439555006394531 0.6366936157721971 0.8927381151327439 0.9723195135826436 1.0 0 0 0 0 1
-0.007295308935357994 -0.007295308935357994 0.8298977207447 0.5830826488840689 0.5897533265019238 0.6664661191072551 0.8132210267000628 0.8532450924071922 0.9266225462035962 1.0 0 0 0 0 1
-0.007325026844977573 -0.007325026844977573 0.7949736545080437 0.5453763643439229 0.560233345901311 0.5483477606554005 0.5988614979505202 0.7860594655736107 0.8038878434424765 1.0 0 0 0 0 1
